,FN,FP,FPR,TN,TP,TPR,precision,recall,rfiFrac
A0 x A1,12220.0,729343.0,0.1746324924666792,3447102.0,131924.0,0.9152236652236653,0.15317433502038275,0.9152236652236653,3.3362117989005666
A0 x A2,14032.0,767043.0,0.1842541440445529,3395919.0,143595.0,0.9109797179417232,0.15768614971042277,0.9109797179417232,3.648275732776249
A0 x A3,14815.0,744066.0,0.17857205427244943,3422689.0,139019.0,0.9036948918964598,0.15742425700810225,0.9036948918964598,3.56048677622426
A0 x A4,13951.0,756486.0,0.1814217347980042,3413279.0,136873.0,0.9075014586537952,0.15321164279981506,0.9075014586537952,3.490820348799666
A0 x A5,18705.0,701793.0,0.16907602811441005,3448961.0,151130.0,0.889863691229723,0.1771906725460563,0.889863691229723,3.930829801214603
A0 x A6,22454.0,677167.0,0.16339865495988068,3467096.0,153872.0,0.8726563297528441,0.18515617197267514,0.8726563297528441,4.081063947531228
A1 x A2,21135.0,733169.0,0.17719338653065475,3404508.0,161777.0,0.884452632960112,0.1807673312132799,0.884452632960112,4.23349686813534
A1 x A3,22434.0,709305.0,0.1715308653021841,3425840.0,163010.0,0.879025473997541,0.18687056854461975,0.879025473997541,4.292099989144998
A1 x A4,18169.0,687438.0,0.16589031043229244,3456493.0,158489.0,0.8971515583783355,0.18735541010039872,0.8971515583783355,4.088748085041183
A1 x A5,21889.0,652524.0,0.1574169231080991,3492672.0,153504.0,0.8752002645487562,0.19044499694799683,0.8752002645487562,4.059469669528854
A1 x A6,20590.0,668977.0,0.16137679157917081,3476458.0,154564.0,0.8824463043949895,0.18768221618595793,0.8824463043949895,4.053938016321386
A2 x A3,12257.0,789900.0,0.19017517350866334,3363639.0,154793.0,0.9266267584555522,0.16385534771613633,0.9266267584555522,3.8663709971024782
A2 x A4,12525.0,757143.0,0.18186816591891414,3405999.0,144922.0,0.9204494210750285,0.16065582857111183,0.9204494210750285,3.644109634126273
A2 x A5,24661.0,688612.0,0.16687535820264365,3437893.0,169423.0,0.8729364605016384,0.19745464928586826,0.8729364605016384,4.492072724343834
A2 x A6,25590.0,709509.0,0.17185977776475153,3418909.0,166581.0,0.8668373479869491,0.19014142382631918,0.8668373479869491,4.447796353691592
A3 x A4,10951.0,766224.0,0.1837592776102737,3403492.0,139922.0,0.9274157735313807,0.15441441003988318,0.9274157735313807,3.491954453432159
A3 x A5,20705.0,699329.0,0.16896126832874686,3439661.0,160894.0,0.885985054983783,0.18703754724065733,0.885985054983783,4.203107492983017
A3 x A6,21272.0,712131.0,0.1717879156888779,3433277.0,153909.0,0.8785713062489654,0.17771580989330746,0.8785713062489654,4.054562931118882
A4 x A5,15877.0,731023.0,0.1758907346274891,3425097.0,148592.0,0.9034650906857827,0.16892845165214324,0.9034650906857827,3.8066337714603264
A4 x A6,18792.0,700789.0,0.16886473789651185,3449213.0,151795.0,0.8898392022838786,0.1780411079729387,0.8898392022838786,3.9482348355745014
A5 x A6,21470.0,658966.0,0.15902533435655367,3484814.0,155339.0,0.8785695298316262,0.19076267491910276,0.8785695298316262,4.092242978908662
